&numerics
 nt = 10,
 dt = 0.01
/
&physics
 u = 1,
 v = 1
/
&ocn
 nx = 10,
 ny = 5,
 xmin = 0,
 ymin = 0,
 xmax = 6.28318530717958623200,
 ymax = 6.28318530717958623200
/
&ice
 nx = 11,
 ny = 6,
 xmin = 0,
 ymin = 0,
 xmax = 6.28318530717958623200,
 ymax = 6.28318530717958623200
/
